#.	x	y
01. 447 448
02. 452 499
03. 461 549
04. 472 598
05. 492 645
06. 523 684
07. 563 717
08. 607 744
09. 657 750
10. 706 740
11. 747 709
12. 783 672
13. 809 627
14. 824 577
15. 831 525
16. 836 471
17. 837 417
18. 474 424
19. 498 401
20. 535 395
21. 571 401
22. 607 413
23. 670 409
24. 705 394
25. 742 386
26. 778 390
27. 805 411
28. 640 439
29. 642 478
30. 644 516
31. 646 555
32. 606 569
33. 626 577
34. 647 583
35. 669 575
36. 688 566
37. 518 445
38. 539 434
39. 564 433
40. 588 447
41. 563 452
42. 539 453
43. 695 442
44. 717 426
45. 742 425
46. 763 435
47. 744 445
48. 719 445
49. 575 627
50. 602 623
51. 628 619
52. 649 624
53. 669 618
54. 696 620
55. 725 623
56. 699 644
57. 673 654
58. 651 657
59. 629 656
60. 603 648
61. 586 629
62. 628 632
63. 649 634
64. 670 631
65. 714 625
66. 671 632
67. 650 636
68. 629 633
